waypoints:
  # C022
  - id: classroom_c022-w001
    x: 52.82560729980469
    y: 32.562904357910156
    z: 0.0
    yaw: 2.269    
  - id: classroom_c069-w001
    x: 11.721145629882812
    y: 53.50111770629883
    z: 0.0
    roll: 0.0
    pitch: 0.0
    yaw: 0.0